256 0ad1.bin 997956852365968	997956852365968 1
256 1995_1.bin 5057298395638	5057298395638 1
256 1finger1.bin 979824475998	979824475998 1
256 471110_1.bin 3592252644067	3592252644067 1
256 aaa1.bin 5146959616	5146959616 1
256 altitude1.bin 2145681196868	2145681196868 1
256 amnesia1.bin 25794576990952	25792105289166 1.0001
256 amnesiamfp1.bin 61556034080269	60102568946556 1.02418
256 anna1.bin 248726903565524	200846322202568 1.23839
256 anomaly2_1.bin 2772965546	2772965546 1
256 anomalywe1.bin 4061355395291	4061355395291 1
256 aquaria1.bin 142831785449908	142831785449908 1
256 assassin2_1.bin 98193146769145	98199147426937 0.999939
256 avadon1.bin 399435827610315	399702434090568 0.999333
256 awesomenauts1.bin 6438125906743	6424923584214 1.00205
256 badhotel1.bin 4529303618746	4529303618746 1
256 bastion1.bin 43963922999470	43963922999470 1
256 beathazard1.bin 5382106153555	5382106153555 1
256 blackplague1.bin 44943431156148	44939336755416 1.00009
256 brokenage1.bin 9492445707546	9492445707546 1
256 capsized1.bin 4614345953646	4614329739886 1
256 cim_1.bin 11181267704678	10940522265022 1.022
256 cim2_1.bin 314215242269395	290937030729124 1.08001
256 cogs1.bin 65623629432140	65623629432140 1
256 costumequest1.bin 14510262276	14510262276 1
256 css1.bin 137351408480097	137351856564833 0.999997
256 css2.bin 12960153468021	12960153468021 1
256 darwinia1.bin 50743871671159	50743871671159 1
256 dayofdefeat1.bin 34353318946728	34353318946728 1
256 defcon1.bin 930241061961	930241061961 1
256 dota2_1.bin 94000919178045	94000582417909 1
256 dota2_2.bin 141040038458097	141040217810545 0.999999
256 dota2_3.bin 141288291286302	141288568718830 0.999998
256 dreamchild1.bin 34840389108427	34840389108427 1
256 droidassault1.bin 1518583655393	2124947877804 0.714645
256 dub1.bin 2937760690450	2950005772699 0.995849
256 dungeondefenders1.bin 107404952789293	107435635257418 0.999714
256 dynamitejack1.bin 22034651480	22034651480 1
256 etqw1.bin 122795793304043	122750368570181 1.00037
256 fez1.bin 81381427976	81381427976 1
256 fortrix2_1.bin 1065612005940	1065612005940 1
256 fr-025_1.bin 31029356662482	31029356662482 1
256 fr-043_1.bin 494272618378	471722909932 1.0478
256 fr-062_1.bin 708659888014	708659888014 1
256 fr-063_1.bin 506119890398	535535806691 0.945072
256 frozensynapse1.bin 236541341169	236541341169 1
256 galconfusion1.bin 6721544937533	6721262471269 1.00004
256 gateways1.bin 1315630728757	1315890843957 0.999802
256 glxgears1.bin 920790935425	920790935425 1
256 glxgears2.bin 63123653831	63123653831 1
256 heaven1.bin 102593265097692	79758250712238 1.2863
256 heaven2.bin 27511477730130	25634605761119 1.07322
256 hl1.bin 2375100797539	2373632232696 1.00062
256 hl2ep2_1.bin 63085840524470	63085840524470 1
256 kerbal1.bin 10419878985	10419878985 1
256 killingfloor1.bin 36764814660659	36786626150030 0.999407
256 left4dead2_1.bin 89658508698830	89658508698830 1
256 left4dead2_2.bin 163843830784851	162890371925543 1.00585
256 lightsmark1.bin 39457419356625	39457419356625 1
256 lugaru1.bin 88227311359008	88227311359008 1
256 minecraft1.bin 127366290042646	127380489866134 0.999889
256 minecraft2.bin 165209778182800	170981062253164 0.966246
256 muoto1.bin 15673780264141	15673780264141 1
256 nederland1.bin 264011819318	264011819318 1
256 nexuiz1.bin 12178050677484	12178050677484 1
256 openarena1.bin 42307509621313	42307509621313 1
256 osmos1.bin 1191623055308	1191623055308 1
256 pa1.bin 188090893190574	250638929517386 0.750446
256 party_heart1.bin 1972075916091	1972075916091 1
256 penumbra1.bin 24712830976520	24712767498872 1
256 portal1.bin 16819952750279	16819952750279 1
256 runner2_1.bin 40916733325831	40916733325831 1
256 sam3_1.bin 275563927599049	277535650282544 0.992896
256 shatter1.bin 282285915043842	282285915043842 1
256 skyrim1.bin 430594132778754	306581349129187 1.4045
256 smokingguns1.bin 17230652835239	17230652835239 1
256 spectraball1.bin 34562059227213	34562059227213 1
256 spin1.bin 9507493043099	9484023246998 1.00247
256 splice1.bin 58808029675	59122728043 0.994677
256 stargazer1.bin 5574501951220	5583397140441 0.998407
256 supertuxkart1.bin 12445876966501	12445876966501 1
256 supertuxkart2.bin 6819722962910	6819722962910 1
256 surgeonsim1.bin 121038479077196	121038479077196 1
256 tf2_1.bin 5115220924718	5115220924718 1
256 tf2_2.bin 88235217141460	88235217141460 1
256 thomas1.bin 20344493256810	20344493256810 1
256 tremulous1.bin 14375132954661	14375132954661 1
256 trine2_1.bin 10629656820376	10678177721171 0.995456
256 urbanterror1.bin 133409218974468	133395821862098 1.0001
256 worldofgoo1.bin 24142303104521	24142303104521 1
256 worldofpadman1.bin 120626285005746	120622981389494 1.00003
256 wormsreloaded1.bin 76680739967953	76680739967953 1
256 xonotic1.bin 519685459807926	312349318635120 1.6638
256 xonotic2.bin 126619994381337	127345959982259 0.994299
256 yetitmoves1.bin 3647034785760	3647034785760 1
256 youshould1.bin 8479212753338	8456331010937 1.00271
384 0ad1.bin 997956852365968	997956852365968 1
384 1995_1.bin 5054917103222	5054917103222 1
384 1finger1.bin 977382130398	977382130398 1
384 471110_1.bin 3592252644067	3592252644067 1
384 aaa1.bin 5146959616	5146959616 1
384 altitude1.bin 2143018492868	2143018492868 1
384 amnesia1.bin 25748466094352	25748466094352 1
384 amnesiamfp1.bin 58241284001085	58241942573985 0.999989
384 anna1.bin 123274452252980	108611458578573 1.135
384 anomaly2_1.bin 2772965546	2772965546 1
384 anomalywe1.bin 4058919693711	4058919693711 1
384 aquaria1.bin 142829578563508	142829578563508 1
384 assassin2_1.bin 97989005182045	97989005182045 1
384 avadon1.bin 399408783091687	399408783091687 1
384 awesomenauts1.bin 6459608116711	6408723140473 1.00794
384 badhotel1.bin 4527348617434	4527348617434 1
384 bastion1.bin 43961712478510	43961712478510 1
384 beathazard1.bin 5382106153555	5382106153555 1
384 blackplague1.bin 44925027953804	44925027953804 1
384 brokenage1.bin 9487295269146	9487295269146 1
384 capsized1.bin 4610450260990	4610450260990 1
384 cim_1.bin 10757836078044	10757822014684 1
384 cim2_1.bin 222854377248447	231292662323923 0.963517
384 cogs1.bin 65623629432140	65623629432140 1
384 costumequest1.bin 14510262276	14510262276 1
384 css1.bin 137342212122719	137342212122719 1
384 css2.bin 12954031437749	12954031437749 1
384 darwinia1.bin 50739631338103	50739631338103 1
384 dayofdefeat1.bin 34351549728888	34351549728888 1
384 defcon1.bin 927287785545	927287785545 1
384 dota2_1.bin 93997538095473	93997538095473 1
384 dota2_2.bin 141035978515361	141035964021921 1
384 dota2_3.bin 141284507360718	141284507360718 1
384 dreamchild1.bin 34835024685833	34835024685833 1
384 droidassault1.bin 1512001890677	1512001890677 1
384 dub1.bin 2942081809179	2941998884635 1.00003
384 dungeondefenders1.bin 107406983603749	107404795547371 1.00002
384 dynamitejack1.bin 22034651480	22034651480 1
384 etqw1.bin 122713512475901	122713512475901 1
384 fez1.bin 78723914504	78723914504 1
384 fortrix2_1.bin 1062800268360	1062800268360 1
384 fr-025_1.bin 31029278841474	31029278841474 1
384 fr-043_1.bin 323624438243	399045175508 0.810997
384 fr-062_1.bin 706119206510	706119206510 1
384 fr-063_1.bin 478963931647	483567692494 0.99048
384 frozensynapse1.bin 231772779665	231772779665 1
384 galconfusion1.bin 6721847217679	6721847217679 1
384 gateways1.bin 1310968166442	1311009146538 0.999969
384 glxgears1.bin 920790935425	920790935425 1
384 glxgears2.bin 63123653831	63123653831 1
384 heaven1.bin 47492997106496	47870479844834 0.992114
384 heaven2.bin 17478575047116	17472771657942 1.00033
384 hl1.bin 2369191652136	2369191652136 1
384 hl2ep2_1.bin 63056107698558	63056107698558 1
384 kerbal1.bin 10419878985	10419878985 1
384 killingfloor1.bin 38075020851633	37976940335098 1.00258
384 left4dead2_1.bin 89646414136370	89646414136370 1
384 left4dead2_2.bin 162786513055795	162778288395555 1.00005
384 lightsmark1.bin 39457419356625	39457419356625 1
384 lugaru1.bin 88227311359008	88227311359008 1
384 minecraft1.bin 127259202954294	127259202954294 1
384 minecraft2.bin 162134419704741	162134385542053 1
384 muoto1.bin 15671122750669	15671122750669 1
384 nederland1.bin 259545176246	259545176246 1
384 nexuiz1.bin 12361538040012	12361538040012 1
384 openarena1.bin 42307509621313	42307509621313 1
384 osmos1.bin 1189214683724	1189214683724 1
384 pa1.bin 105001512272972	126513834151116 0.829961
384 party_heart1.bin 1969481159739	1969481159739 1
384 penumbra1.bin 24706210808596	24706210808596 1
384 portal1.bin 16816929974823	16816929974823 1
384 runner2_1.bin 40916733325831	40916733325831 1
384 sam3_1.bin 273616071040486	273589468295308 1.0001
384 shatter1.bin 282285915043842	282285915043842 1
384 skyrim1.bin 326024514840443	239911956660869 1.35893
384 smokingguns1.bin 17220243634341	17220243634341 1
384 spectraball1.bin 34558928868915	34558928868915 1
384 spin1.bin 9468293508120	9453100830616 1.00161
384 splice1.bin 52457293859	52457293859 1
384 stargazer1.bin 5492021277225	5470255828865 1.00398
384 supertuxkart1.bin 12445165366357	12445165366357 1
384 supertuxkart2.bin 6818871378254	6818871378254 1
384 surgeonsim1.bin 121034288224866	121034288224866 1
384 tf2_1.bin 5083708546862	5083708546862 1
384 tf2_2.bin 88189700427736	88189700427736 1
384 thomas1.bin 20342074573650	20342074573650 1
384 tremulous1.bin 14375132954661	14375132954661 1
384 trine2_1.bin 10615148911276	10615148911276 1
384 urbanterror1.bin 133375772204118	133375402977863 1
384 worldofgoo1.bin 24139795406345	24139795406345 1
384 worldofpadman1.bin 120611225334592	120611225334592 1
384 wormsreloaded1.bin 76680739967953	76680739967953 1
384 xonotic1.bin 379897304074682	283888454140120 1.33819
384 xonotic2.bin 126199917367311	126232215880473 0.999744
384 yetitmoves1.bin 3644694833760	3644694833760 1
384 youshould1.bin 5858297004475	6260557597793 0.935747
512 0ad1.bin 997956852365968	997956852365968 1
512 1995_1.bin 5052525043318	5052525043318 1
512 1finger1.bin 974724616926	974724616926 1
512 471110_1.bin 3592252644067	3592252644067 1
512 aaa1.bin 5146959616	5146959616 1
512 altitude1.bin 2140275100868	2140275100868 1
512 amnesia1.bin 25746771660552	25746771660552 1
512 amnesiamfp1.bin 58240604788894	58238411857382 1.00004
512 anna1.bin 98380396850715	98719183862901 0.996568
512 anomaly2_1.bin 2772965546	2772965546 1
512 anomalywe1.bin 4056627315239	4056627315239 1
512 aquaria1.bin 142826819955508	142826819955508 1
512 assassin2_1.bin 97837135051129	97837135051129 1
512 avadon1.bin 399405508541415	399405508541415 1
512 awesomenauts1.bin 6437007162215	6394866652478 1.00659
512 badhotel1.bin 4527348617434	4527348617434 1
512 bastion1.bin 43956727796014	43956727796014 1
512 beathazard1.bin 5382106153555	5382106153555 1
512 blackplague1.bin 44922911947464	44922911947464 1
512 brokenage1.bin 9481246942746	9481246942746 1
512 capsized1.bin 4607159384830	4607159384830 1
512 cim_1.bin 10753044573212	10753044573212 1
512 cim2_1.bin 216441628056962	216313182569625 1.00059
512 cogs1.bin 65623629432140	65623629432140 1
512 costumequest1.bin 14510262276	14510262276 1
512 css1.bin 137336018037247	137336018037247 1
512 css2.bin 12951096195685	12951096195685 1
512 darwinia1.bin 50734288844111	50734288844111 1
512 dayofdefeat1.bin 34351549728888	34351549728888 1
512 defcon1.bin 924247119177	924247119177 1
512 dota2_1.bin 93976352630369	93976352630369 1
512 dota2_2.bin 141036844912949	141036858904629 1
512 dota2_3.bin 141280001498442	141280001498442 1
512 dreamchild1.bin 34835024685833	34835024685833 1
512 droidassault1.bin 1509852484469	1509852484469 1
512 dub1.bin 2936909122160	2936909122160 1
512 dungeondefenders1.bin 107389836455977	107388656192313 1.00001
512 dynamitejack1.bin 22034651480	22034651480 1
512 etqw1.bin 122713821985133	122713821985133 1
512 fez1.bin 76066401032	76066401032 1
512 fortrix2_1.bin 1059895154908	1059895154908 1
512 fr-025_1.bin 31029278841474	31029278841474 1
512 fr-043_1.bin 316362344795	321188929023 0.984973
512 fr-062_1.bin 703980753518	703980753518 1
512 fr-063_1.bin 454597660481	453362042724 1.00273
512 frozensynapse1.bin 229171342865	229171342865 1
512 galconfusion1.bin 6721094968439	6721094968439 1
512 gateways1.bin 1275844840506	1275844840506 1
512 glxgears1.bin 920790935425	920790935425 1
512 glxgears2.bin 63123653831	63123653831 1
512 heaven1.bin 28142189776234	28165285596570 0.99918
512 heaven2.bin 17438712313018	17438712313018 1
512 hl1.bin 2366587104936	2366587104936 1
512 hl2ep2_1.bin 63030768879374	63030768879374 1
512 kerbal1.bin 10419878985	10419878985 1
512 killingfloor1.bin 37977288607359	37976525786655 1.00002
512 left4dead2_1.bin 89631611874402	89631611874402 1
512 left4dead2_2.bin 162716177395055	162716177395055 1
512 lightsmark1.bin 39457419356625	39457419356625 1
512 lugaru1.bin 88227311359008	88227311359008 1
512 minecraft1.bin 127138301028662	127138301028662 1
512 minecraft2.bin 161889249817441	161889249817441 1
512 muoto1.bin 15668714379085	15668714379085 1
512 nederland1.bin 253816531382	253816531382 1
512 nexuiz1.bin 12361538040012	12361538040012 1
512 openarena1.bin 42307509621313	42307509621313 1
512 osmos1.bin 1186557170252	1186557170252 1
512 pa1.bin 87624008181920	72518113144908 1.20831
512 party_heart1.bin 1966912237755	1966912237755 1
512 penumbra1.bin 24703105200236	24703105200236 1
512 portal1.bin 16813514081135	16813514081135 1
512 runner2_1.bin 40916733325831	40916733325831 1
512 sam3_1.bin 273449287448110	273443131326592 1.00002
512 shatter1.bin 282285915043842	282285915043842 1
512 skyrim1.bin 228262789628191	201403937397847 1.13336
512 smokingguns1.bin 17220243634341	17220243634341 1
512 spectraball1.bin 34556061607119	34556061607119 1
512 spin1.bin 9449587720440	9444435843704 1.00055
512 splice1.bin 50990699489	50990699489 1
512 stargazer1.bin 5466875111265	5466875111265 1
512 supertuxkart1.bin 12445165366357	12445165366357 1
512 supertuxkart2.bin 6818871378254	6818871378254 1
512 surgeonsim1.bin 121030579397838	121030579397838 1
512 tf2_1.bin 5067838949678	5067838949678 1
512 tf2_2.bin 88097437103800	88097437103800 1
512 thomas1.bin 20339867687250	20339867687250 1
512 tremulous1.bin 14375132954661	14375132954661 1
512 trine2_1.bin 10612330917796	10612330917796 1
512 urbanterror1.bin 133363298987798	133363298987798 1
512 worldofgoo1.bin 24137553129353	24137553129353 1
512 worldofpadman1.bin 120599438355040	120599438355040 1
512 wormsreloaded1.bin 76680739967953	76680739967953 1
512 xonotic1.bin 268485669871118	249313998256989 1.0769
512 xonotic2.bin 126176635162553	126178140399103 0.999988
512 yetitmoves1.bin 3642354881760	3642354881760 1
512 youshould1.bin 5845045609059	5991216283437 0.975603
1024 0ad1.bin 997956852365968	997956852365968 1
1024 1995_1.bin 5042047261942	5042047261942 1
1024 1finger1.bin 962782278846	962782278846 1
1024 471110_1.bin 3592252644067	3592252644067 1
1024 aaa1.bin 5146959616	5146959616 1
1024 altitude1.bin 2129872010948	2129872010948 1
1024 amnesia1.bin 25725876544640	25725876544640 1
1024 amnesiamfp1.bin 58237088035872	58237088035872 1
1024 anna1.bin 97975161430766	98151708496659 0.998201
1024 anomaly2_1.bin 2772965546	2772965546 1
1024 anomalywe1.bin 4042278542265	4042278542265 1
1024 aquaria1.bin 142815870628788	142815870628788 1
1024 assassin2_1.bin 97801019037601	97801019037601 1
1024 avadon1.bin 399394549664535	399394549664535 1
1024 awesomenauts1.bin 6294252313791	6294252313791 1
1024 badhotel1.bin 4527348617434	4527348617434 1
1024 bastion1.bin 43949217567118	43949217567118 1
1024 beathazard1.bin 5382106153555	5382106153555 1
1024 blackplague1.bin 44892063549896	44892063549896 1
1024 brokenage1.bin 9458063164470	9458063164470 1
1024 capsized1.bin 4588903425022	4588903425022 1
1024 cim_1.bin 10623015368770	10623015368770 1
1024 cim2_1.bin 216207973579489	216209844181729 0.999991
1024 cogs1.bin 65623629432140	65623629432140 1
1024 costumequest1.bin 14510262276	14510262276 1
1024 css1.bin 137321867246035	137321867246035 1
1024 css2.bin 12945555525283	12945555525283 1
1024 darwinia1.bin 50713701458255	50713701458255 1
1024 dayofdefeat1.bin 34351549728888	34351549728888 1
1024 defcon1.bin 922849937289	922849937289 1
1024 dota2_1.bin 93886752374649	93886752374649 1
1024 dota2_2.bin 141010166745633	141010166745633 1
1024 dota2_3.bin 141187437424914	141187437424914 1
1024 dreamchild1.bin 34835024685833	34835024685833 1
1024 droidassault1.bin 1500288578933	1500288578933 1
1024 dub1.bin 2927211279216	2927211279216 1
1024 dungeondefenders1.bin 107363125723093	107363125723093 1
1024 dynamitejack1.bin 22034651480	22034651480 1
1024 etqw1.bin 122094135548677	122094135548677 1
1024 fez1.bin 65519394440	65519394440 1
1024 fortrix2_1.bin 1048350695488	1048350695488 1
1024 fr-025_1.bin 31029278841474	31029278841474 1
1024 fr-043_1.bin 300762514948	300762514948 1
1024 fr-062_1.bin 694930018670	694930018670 1
1024 fr-063_1.bin 417346293057	417346293057 1
1024 frozensynapse1.bin 218604219665	218604219665 1
1024 galconfusion1.bin 6709628616053	6709628616053 1
1024 gateways1.bin 1270099690122	1270099690122 1
1024 glxgears1.bin 920790935425	920790935425 1
1024 glxgears2.bin 63123653831	63123653831 1
1024 heaven1.bin 28155986701214	28155986701214 1
1024 heaven2.bin 17497570801770	17497570801770 1
1024 hl1.bin 2355940063656	2355940063656 1
1024 hl2ep2_1.bin 62968607856014	62968607856014 1
1024 kerbal1.bin 10419878985	10419878985 1
1024 killingfloor1.bin 38359466650443	38358924682828 1.00001
1024 left4dead2_1.bin 89571958704850	89571958704850 1
1024 left4dead2_2.bin 162614992177931	162614992177931 1
1024 lightsmark1.bin 39457419356625	39457419356625 1
1024 lugaru1.bin 88227311359008	88227311359008 1
1024 minecraft1.bin 126663660758998	126663660758998 1
1024 minecraft2.bin 161462625517273	161462625517273 1
1024 muoto1.bin 15658167372493	15658167372493 1
1024 nederland1.bin 233711814422	233711814422 1
1024 nexuiz1.bin 12361538040012	12361538040012 1
1024 openarena1.bin 42307509621313	42307509621313 1
1024 osmos1.bin 1175927116364	1175927116364 1
1024 pa1.bin 27075293094950	27075293094950 1
1024 party_heart1.bin 1956401130267	1956401130267 1
1024 penumbra1.bin 24693018520244	24693018520244 1
1024 portal1.bin 16802812400683	16802812400683 1
1024 runner2_1.bin 40916733325831	40916733325831 1
1024 sam3_1.bin 273381247688128	273381247688128 1
1024 shatter1.bin 282285915043842	282285915043842 1
1024 skyrim1.bin 126323103500323	126323559936990 0.999996
1024 smokingguns1.bin 17220243634341	17220243634341 1
1024 spectraball1.bin 34544154064151	34544154064151 1
1024 spin1.bin 9407615109154	9407615109154 1
1024 splice1.bin 48667365917	48667365917 1
1024 stargazer1.bin 5456314225889	5456314225889 1
1024 supertuxkart1.bin 12445165366357	12445165366357 1
1024 supertuxkart2.bin 6818871378254	6818871378254 1
1024 surgeonsim1.bin 121011156690922	121011156690922 1
1024 tf2_1.bin 5002022384174	5002022384174 1
1024 tf2_2.bin 87885420362896	87885420362896 1
1024 thomas1.bin 20331380066490	20331380066490 1
1024 tremulous1.bin 14375132954661	14375132954661 1
1024 trine2_1.bin 10534721611876	10534721611876 1
1024 urbanterror1.bin 133343887456128	133343887456128 1
1024 worldofgoo1.bin 24128168784905	24128168784905 1
1024 worldofpadman1.bin 120594381185744	120594381185744 1
1024 wormsreloaded1.bin 76680739967953	76680739967953 1
1024 xonotic1.bin 204867814226284	205011461524952 0.999299
1024 xonotic2.bin 127191682981837	127191682981837 1
1024 yetitmoves1.bin 3632485111392	3632485111392 1
1024 youshould1.bin 5813044087691	5813044087691 1
1536 0ad1.bin 997956852365968	997956852365968 1
1536 1995_1.bin 5031694844534	5031694844534 1
1536 1finger1.bin 951449796862	951449796862 1
1536 471110_1.bin 3592252644067	3592252644067 1
1536 aaa1.bin 567147836576	566011195808 1.00201
1536 altitude1.bin 2119089073988	2119089073988 1
1536 amnesia1.bin 25713684797988	25713684797988 1
1536 amnesiamfp1.bin 58237088035872	58237088035872 1
1536 anna1.bin 97963483443951	97963483443951 1
1536 anomaly2_1.bin 2772965546	2772965546 1
1536 anomalywe1.bin 4033996385985	4033996385985 1
1536 aquaria1.bin 142806491361588	142806491361588 1
1536 assassin2_1.bin 97790380193953	97790380193953 1
1536 avadon1.bin 399394549664535	399394549664535 1
1536 awesomenauts1.bin 6281225777727	6281225777727 1
1536 badhotel1.bin 4527348617434	4527348617434 1
1536 bastion1.bin 43949217567118	43949217567118 1
1536 beathazard1.bin 5382106153555	5382106153555 1
1536 blackplague1.bin 44876374545052	44876374545052 1
1536 brokenage1.bin 9430924856670	9430924856670 1
1536 capsized1.bin 4571147041150	4571147041150 1
1536 cim_1.bin 10623015368770	10623015368770 1
1536 cim2_1.bin 216116028927031	216116028927031 1
1536 cogs1.bin 65623629432140	65623629432140 1
1536 costumequest1.bin 850248147712	850248147712 1
1536 css1.bin 137258657451239	137258657451239 1
1536 css2.bin 12945555525283	12945555525283 1
1536 darwinia1.bin 50705562823247	50705562823247 1
1536 dayofdefeat1.bin 34351549728888	34351549728888 1
1536 defcon1.bin 922849937289	922849937289 1
1536 dota2_1.bin 93797471170341	93797471170341 1
1536 dota2_2.bin 140834191841393	140834191841393 1
1536 dota2_3.bin 141079005866830	141079005866830 1
1536 dreamchild1.bin 34835024685833	34835024685833 1
1536 droidassault1.bin 1490924742005	1490924742005 1
1536 dub1.bin 2917526124144	2917526124144 1
1536 dungeondefenders1.bin 107359041913833	107359041913833 1
1536 dynamitejack1.bin 482605591946	482605591946 1
1536 etqw1.bin 122073316083293	122073316083293 1
1536 fez1.bin 3080388072328	3080388072328 1
1536 fortrix2_1.bin 24454741602022	24454741602022 1
1536 fr-025_1.bin 31029278841474	31029278841474 1
1536 fr-043_1.bin 277587682660	277587682660 1
1536 fr-062_1.bin 685460865894	685460865894 1
1536 fr-063_1.bin 404102519033	404102519033 1
1536 frozensynapse1.bin 378680294016	378680294016 1
1536 galconfusion1.bin 6697922586983	6697922586983 1
1536 gateways1.bin 1270099690122	1270099690122 1
1536 glxgears1.bin 920790935425	920790935425 1
1536 glxgears2.bin 63123653831	63123653831 1
1536 heaven1.bin 28155986701214	28155986701214 1
1536 heaven2.bin 17497570801770	17497570801770 1
1536 hl1.bin 2972714432414	2972894866334 0.999939
1536 hl2ep2_1.bin 62958060259598	62958060259598 1
1536 kerbal1.bin 151916234451408	150894968041835 1.00677
1536 killingfloor1.bin 38981336899703	38981039246479 1.00001
1536 left4dead2_1.bin 89544323440210	89544323440210 1
1536 left4dead2_2.bin 162568834042763	162568834042763 1
1536 lightsmark1.bin 39457419356625	39457419356625 1
1536 lugaru1.bin 88227311359008	88227311359008 1
1536 minecraft1.bin 126199795651414	126199795651414 1
1536 minecraft2.bin 161462625517273	161462625517273 1
1536 muoto1.bin 15647786460493	15647786460493 1
1536 nederland1.bin 233711814422	233711814422 1
1536 nexuiz1.bin 12361538040012	12361538040012 1
1536 openarena1.bin 42307509621313	42307509621313 1
1536 osmos1.bin 6947273660470	8120938950454 0.855477
1536 pa1.bin 27062994109430	27062994109430 1
1536 party_heart1.bin 1950273179091	1950273179091 1
1536 penumbra1.bin 24681045376980	24681045376980 1
1536 portal1.bin 16792136155183	16792136155183 1
1536 runner2_1.bin 40916733325831	40916733325831 1
1536 sam3_1.bin 273353943250576	273353943250576 1
1536 shatter1.bin 282285915043842	282285915043842 1
1536 skyrim1.bin 126154347007160	126154347007160 1
1536 smokingguns1.bin 17220243634341	17220243634341 1
1536 spectraball1.bin 34946908390489	34946908390489 1
1536 spin1.bin 9396900822946	9396900822946 1
1536 splice1.bin 2505245132947	2559439599905 0.978826
1536 stargazer1.bin 5446331598689	5446331598689 1
1536 supertuxkart1.bin 12445165366357	12445165366357 1
1536 supertuxkart2.bin 6818871378254	6818871378254 1
1536 surgeonsim1.bin 121011156690922	121011156690922 1
1536 tf2_1.bin 4949001690670	4949001690670 1
1536 tf2_2.bin 87788051573008	87788051573008 1
1536 thomas1.bin 20323271571250	20323271571250 1
1536 tremulous1.bin 14375132954661	14375132954661 1
1536 trine2_1.bin 10519239196396	10519239196396 1
1536 urbanterror1.bin 133343887456128	133343887456128 1
1536 worldofgoo1.bin 24118867487753	24118867487753 1
1536 worldofpadman1.bin 120594381185744	120594381185744 1
1536 wormsreloaded1.bin 76680739967953	76680739967953 1
1536 xonotic1.bin 204821263846748	204856496857740 0.999828
1536 xonotic2.bin 127506811403677	127506811403677 1
1536 yetitmoves1.bin 14602932925564	14602919005529 1
1536 youshould1.bin 5802655036043	5802655036043 1
2048 0ad1.bin 997956852365968	997956852365968 1
2048 1995_1.bin 5021812451702	5021812451702 1
2048 1finger1.bin 941028304510	941028304510 1
2048 471110_1.bin 3592252644067	3592252644067 1
2048 aaa1.bin 19631506896291	20461811853663 0.959422
2048 altitude1.bin 24354587562489	24354563337332 1
2048 amnesia1.bin 25697708830320	25697708830320 1
2048 amnesiamfp1.bin 58237088035872	58237088035872 1
2048 anna1.bin 97954658965215	97954658965215 1
2048 anomaly2_1.bin 63711542597377	63688022324578 1.00037
2048 anomalywe1.bin 44627314414091	44621819423000 1.00012
2048 aquaria1.bin 142799135073588	142799135073588 1
2048 assassin2_1.bin 97779668035105	97779668035105 1
2048 avadon1.bin 399394549664535	399394549664535 1
2048 awesomenauts1.bin 6268245956031	6268245956031 1
2048 badhotel1.bin 4527348617434	4527348617434 1
2048 bastion1.bin 43949217567118	43949217567118 1
2048 beathazard1.bin 5382106153555	5382106153555 1
2048 blackplague1.bin 44864315190472	44864315190472 1
2048 brokenage1.bin 9420887543292	9420887543292 1
2048 capsized1.bin 4553685614974	4553685614974 1
2048 cim_1.bin 10623015368770	10623015368770 1
2048 cim2_1.bin 216116028927031	216116028927031 1
2048 cogs1.bin 65623629432140	65623629432140 1
2048 costumequest1.bin 70366355278177	70628790460167 0.996284
2048 css1.bin 137114019674139	137114019674139 1
2048 css2.bin 12945555525283	12945555525283 1
2048 darwinia1.bin 50698191313871	50698191313871 1
2048 dayofdefeat1.bin 34351549728888	34351549728888 1
2048 defcon1.bin 114855356098473	114855319957651 1
2048 dota2_1.bin 93778606900389	93778606900389 1
2048 dota2_2.bin 140815011749585	140815011749585 1
2048 dota2_3.bin 141060080285902	141060080285902 1
2048 dreamchild1.bin 34835024685833	34835024685833 1
2048 droidassault1.bin 10729377081473	10579303923919 1.01419
2048 dub1.bin 2907010496112	2907010496112 1
2048 dungeondefenders1.bin 107336782932589	107336782932589 1
2048 dynamitejack1.bin 18756497689169	18725876028875 1.00164
2048 etqw1.bin 122073316083293	122073316083293 1
2048 fez1.bin 117238356116714	119169605633990 0.983794
2048 fortrix2_1.bin 63113685440196	63322731950819 0.996699
2048 fr-025_1.bin 31029278841474	31029278841474 1
2048 fr-043_1.bin 258022481946	258022481946 1
2048 fr-062_1.bin 675782586726	675782586726 1
2048 fr-063_1.bin 7928517864191	8039476036921 0.986198
2048 frozensynapse1.bin 27744479261980	27737193494511 1.00026
2048 galconfusion1.bin 51849543469747	53099917006266 0.976452
2048 gateways1.bin 1270099690122	1270099690122 1
2048 glxgears1.bin 920790935425	920790935425 1
2048 glxgears2.bin 63123653831	63123653831 1
2048 heaven1.bin 28155986701214	28155986701214 1
2048 heaven2.bin 17497570801770	17497570801770 1
2048 hl1.bin 17117615668387	17118014013142 0.999977
2048 hl2ep2_1.bin 62947568512782	62947568512782 1
2048 kerbal1.bin 150492161409379	151389865732286 0.99407
2048 killingfloor1.bin 39011185766631	39011185766631 1
2048 left4dead2_1.bin 89452883566546	89452883566546 1
2048 left4dead2_2.bin 162449410665675	162449410665675 1
2048 lightsmark1.bin 39457419356625	39457419356625 1
2048 lugaru1.bin 88227311359008	88227311359008 1
2048 minecraft1.bin 125983860816390	125983860816390 1
2048 minecraft2.bin 161462625517273	161462625517273 1
2048 muoto1.bin 15637405548493	15637405548493 1
2048 nederland1.bin 233711814422	233711814422 1
2048 nexuiz1.bin 12361538040012	12361538040012 1
2048 openarena1.bin 42307509621313	42307509621313 1
2048 osmos1.bin 52619766354122	54557984790890 0.964474
2048 pa1.bin 27051032650982	27051032650982 1
2048 party_heart1.bin 1950273179091	1950273179091 1
2048 penumbra1.bin 24665477381364	24665477381364 1
2048 portal1.bin 16780608182871	16780608182871 1
2048 runner2_1.bin 40916733325831	40916733325831 1
2048 sam3_1.bin 273327205278372	273327205278372 1
2048 shatter1.bin 282285915043842	282285915043842 1
2048 skyrim1.bin 126112306662640	126112306662640 1
2048 smokingguns1.bin 17220243634341	17220243634341 1
2048 spectraball1.bin 34946908390489	34946908390489 1
2048 spin1.bin 9386537422882	9386537422882 1
2048 splice1.bin 15436952884309	15488329870087 0.996683
2048 stargazer1.bin 5436039278177	5436039278177 1
2048 supertuxkart1.bin 12445165366357	12445165366357 1
2048 supertuxkart2.bin 6818871378254	6818871378254 1
2048 surgeonsim1.bin 121011156690922	121011156690922 1
2048 tf2_1.bin 4744446740086	4744446740086 1
2048 tf2_2.bin 87702796655632	87702796655632 1
2048 thomas1.bin 20315310419258	20315310419258 1
2048 tremulous1.bin 14375132954661	14375132954661 1
2048 trine2_1.bin 10519239196396	10519239196396 1
2048 urbanterror1.bin 133343887456128	133343887456128 1
2048 worldofgoo1.bin 24108901812233	24108901812233 1
2048 worldofpadman1.bin 120594381185744	120594381185744 1
2048 wormsreloaded1.bin 76680739967953	76680739967953 1
2048 xonotic1.bin 204816668705284	204837275904260 0.999899
2048 xonotic2.bin 127506811403677	127506811403677 1
2048 yetitmoves1.bin 16270525202788	16278056689919 0.999537
2048 youshould1.bin 5792188481291	5792188481291 1
4096 0ad1.bin 997956852365968	997956852365968 1
4096 1995_1.bin 4979659223414	4979659223414 1
4096 1finger1.bin 899708598526	899708598526 1
4096 471110_1.bin 3592252644067	3592252644067 1
4096 aaa1.bin 18484083163614	18484083163614 1
4096 altitude1.bin 23655515315952	23653823897040 1.00007
4096 amnesia1.bin 25640216291564	25640216291564 1
4096 amnesiamfp1.bin 58237088035872	58237088035872 1
4096 anna1.bin 97914948852227	97914948852227 1
4096 anomaly2_1.bin 63629209520843	63629209520843 1
4096 anomalywe1.bin 44178136006696	44247807827728 0.998425
4096 aquaria1.bin 142764008798388	142764008798388 1
4096 assassin2_1.bin 97736181547657	97736181547657 1
4096 avadon1.bin 399394549664535	399394549664535 1
4096 awesomenauts1.bin 6236061553399	6236061553399 1
4096 badhotel1.bin 4527348617434	4527348617434 1
4096 bastion1.bin 43949217567118	43949217567118 1
4096 beathazard1.bin 5382106153555	5382106153555 1
4096 blackplague1.bin 44814556893392	44814556893392 1
4096 brokenage1.bin 9420887543292	9420887543292 1
4096 capsized1.bin 4536058754332	4536058754332 1
4096 cim_1.bin 10623015368770	10623015368770 1
4096 cim2_1.bin 216116028927031	216116028927031 1
4096 cogs1.bin 65623629432140	65623629432140 1
4096 costumequest1.bin 69670428597278	69643745790059 1.00038
4096 css1.bin 136780206086139	136780206086139 1
4096 css2.bin 12945555525283	12945555525283 1
4096 darwinia1.bin 50664470298447	50664470298447 1
4096 dayofdefeat1.bin 34351549728888	34351549728888 1
4096 defcon1.bin 140097699760064	140097699760064 1
4096 dota2_1.bin 93689615271165	93689615271165 1
4096 dota2_2.bin 140739955758129	140739955758129 1
4096 dota2_3.bin 140978504246558	140978504246558 1
4096 dreamchild1.bin 34835024685833	34835024685833 1
4096 droidassault1.bin 10451538582566	10460788990686 0.999116
4096 dub1.bin 2865638196720	2865638196720 1
4096 dungeondefenders1.bin 107294092822753	107294092822753 1
4096 dynamitejack1.bin 18239239161527	18239239161527 1
4096 etqw1.bin 122073316083293	122073316083293 1
4096 fez1.bin 117133904396710	117133904396710 1
4096 fortrix2_1.bin 60584596717460	62223783463146 0.973657
4096 fr-025_1.bin 31029278841474	31029278841474 1
4096 fr-043_1.bin 258022481946	258022481946 1
4096 fr-062_1.bin 638538995430	638538995430 1
4096 fr-063_1.bin 7393534009285	7345956899245 1.00648
4096 frozensynapse1.bin 27658647675203	27658647675203 1
4096 galconfusion1.bin 54637448239174	54637448239174 1
4096 gateways1.bin 1270099690122	1270099690122 1
4096 glxgears1.bin 920790935425	920790935425 1
4096 glxgears2.bin 63123653831	63123653831 1
4096 heaven1.bin 28155986701214	28155986701214 1
4096 heaven2.bin 17497570801770	17497570801770 1
4096 hl1.bin 17102958236460	17102958236460 1
4096 hl2ep2_1.bin 62905267829646	62905267829646 1
4096 kerbal1.bin 149974519474363	149974519474363 1
4096 killingfloor1.bin 39000069266759	39000069266759 1
4096 left4dead2_1.bin 89395209248914	89395209248914 1
4096 left4dead2_2.bin 162302556544495	162302556544495 1
4096 lightsmark1.bin 39457419356625	39457419356625 1
4096 lugaru1.bin 88227311359008	88227311359008 1
4096 minecraft1.bin 125983860816390	125983860816390 1
4096 minecraft2.bin 161462625517273	161462625517273 1
4096 muoto1.bin 15595134474829	15595134474829 1
4096 nederland1.bin 233711814422	233711814422 1
4096 nexuiz1.bin 12361538040012	12361538040012 1
4096 openarena1.bin 42307509621313	42307509621313 1
4096 osmos1.bin 53172286699814	53172286699814 1
4096 pa1.bin 26973479434118	26973479434118 1
4096 party_heart1.bin 1950273179091	1950273179091 1
4096 penumbra1.bin 24634443674288	24634443674288 1
4096 portal1.bin 16735648832499	16735648832499 1
4096 runner2_1.bin 40916733325831	40916733325831 1
4096 sam3_1.bin 273327205278372	273327205278372 1
4096 shatter1.bin 282285915043842	282285915043842 1
4096 skyrim1.bin 126219214975340	126219214975340 1
4096 smokingguns1.bin 17220243634341	17220243634341 1
4096 spectraball1.bin 34940570811457	34940570811457 1
4096 spin1.bin 9343384346530	9343384346530 1
4096 splice1.bin 15567667161153	15567667161153 1
4096 stargazer1.bin 5393929108193	5393929108193 1
4096 supertuxkart1.bin 12445165366357	12445165366357 1
4096 supertuxkart2.bin 6818871378254	6818871378254 1
4096 surgeonsim1.bin 121011156690922	121011156690922 1
4096 tf2_1.bin 4337118532942	4337118532942 1
4096 tf2_2.bin 87698317600444	87698317600444 1
4096 thomas1.bin 20281112797886	20281112797886 1
4096 tremulous1.bin 14375132954661	14375132954661 1
4096 trine2_1.bin 10519239196396	10519239196396 1
4096 urbanterror1.bin 133343887456128	133343887456128 1
4096 worldofgoo1.bin 24067793400713	24067793400713 1
4096 worldofpadman1.bin 120594381185744	120594381185744 1
4096 wormsreloaded1.bin 76680739967953	76680739967953 1
4096 xonotic1.bin 206435800266684	206435800266684 1
4096 xonotic2.bin 127506811403677	127506811403677 1
4096 yetitmoves1.bin 16742802355402	16742802355402 1
4096 youshould1.bin 5749927661195	5749927661195 1
